43
195
298
389
410
541
635
662
691
753
1062
1188
1237
1401
1459
1660
1730
1782
1850
2028
2087
2125
2233
2365
2416
2552
2587
2657
2707
3127
3163
3194
3196
3220
3293
3345
3396
3426
3477
3492
3661
3670
3695
3729
3848
3869
4048
4062
4147
4281
4549
4571
4612
4628
4678
4731
4821
4966
5109
5162
5418
5691
5947
6212
6248
6298
6422
6447
6506
6528
6547
6747
6833
6856
7052
7142
7247
7253
7336
7346
7526
7594
7595
SumOfWeight:983.46866727092
EvalOfTrip:2.449227299949876E8
tripID:0
7630
7687
7711
7827
7989
8195
8213
8304
8329
8415
8432
8720
8959
8991
9024
9108
9126
9155
9318
9333
9377
9385
9389
9431
9445
9451
9721
9772
9782
9787
9820
9832
9863
9969
10031
10042
10244
10350
10399
10406
10478
10483
10572
10830
10901
10985
11157
11189
11280
11367
11381
11466
11482
11555
11614
11946
12062
12099
12116
12173
12422
SumOfWeight:975.66787542757
EvalOfTrip:1.7670744654471612E8
tripID:1
12615
12690
12701
12751
12878
12989
13047
13133
13170
13181
13202
13383
13710
13755
13771
13882
13946
13971
14030
14158
14275
14289
14302
14415
14544
14694
14807
14967
14969
15264
15411
15443
15499
15564
15727
15728
15759
15844
15848
15952
15984
16152
16153
16206
16322
16329
16388
16448
16450
16475
16492
16514
16542
16545
16643
17054
17179
17187
17216
17261
17277
17383
17588
17696
17742
17958
18207
18740
18821
18823
18837
18845
SumOfWeight:992.6639116093397
EvalOfTrip:2.3806446754171917E8
tripID:2
18885
18929
19051
19396
19727
19789
19861
19868
20089
20159
20193
20249
20288
20737
20759
20867
20948
21429
21456
21546
21626
21834
21903
21943
22284
22308
22361
22660
22837
22839
22844
23028
23065
23160
23334
23433
23496
23532
23582
23585
23702
23770
23852
23854
24298
24346
24513
24564
24642
24711
24884
24902
24939
25106
25281
25321
25322
25340
25540
25566
25576
25588
25591
25655
25861
26144
26526
26635
SumOfWeight:997.4831165996198
EvalOfTrip:1.913079711111429E8
tripID:3
26646
26662
26675
26740
26759
26773
26968
26969
27164
27341
27781
27862
28198
28438
28601
28648
28716
28833
28850
28883
28940
28964
29086
29225
29285
29294
29299
29356
29546
29570
29638
29660
29883
29979
30014
30370
30635
30768
30774
30820
30829
31110
31160
31220
31244
31420
31435
31443
31639
31765
32031
32350
32375
32498
32634
32678
32706
32878
32993
33276
33302
33338
33353
33427
33515
33734
33788
33897
33918
33949
33956
33987
34084
34093
34120
34404
34495
34523
34627
34798
34895
34924
34946
35209
SumOfWeight:993.4201529530203
EvalOfTrip:2.4361828548232216E8
tripID:4
35409
35503
35765
35880
36085
36101
36124
36399
36402
36408
36422
36677
36722
36749
36944
37074
37240
37307
37383
37596
37923
37988
38032
38097
38162
38182
38328
38332
38387
38425
38464
38609
38665
38680
38737
38784
38807
38817
38909
38945
38991
39045
39063
39086
39142
39248
39416
39451
39501
39636
39715
39747
39767
39776
39816
40162
40260
40375
40578
40843
40868
41064
41266
41387
41456
41705
41923
42079
42102
42291
42638
42722
SumOfWeight:997.7918154650799
EvalOfTrip:2.1397746071969163E8
tripID:5
42824
42835
42898
42902
42903
42905
42935
43139
43182
43310
43373
43426
43438
43452
43457
43596
43622
43668
43704
43715
43770
43840
43965
44044
44063
44250
44316
44335
44459
44515
44923
45052
45069
45171
45645
45755
45771
45850
45934
45978
46257
46276
46450
46485
46640
46715
46820
46929
46986
47088
47135
47188
47249
47266
47307
47395
47444
47519
47626
47695
47748
47768
47828
47859
48000
48066
48085
48361
48369
48428
48617
48657
48825
48835
49101
49371
49970
50097
50269
50336
50414
50479
50571
50585
50728
50782
51046
51145
51192
51270
SumOfWeight:987.13538497221
EvalOfTrip:2.4352522659186783E8
tripID:6
51395
51440
51625
51654
51733
51740
52097
52364
52458
52742
52743
52967
53022
53044
53069
53107
53164
53306
53340
53391
53416
53518
53562
53566
53599
53667
53868
53945
53970
54190
54334
54372
54421
54482
54541
54599
54670
54802
54843
55109
55196
55230
55234
55273
55283
55335
55415
55456
55617
55686
55780
55932
56283
56342
56401
56645
57190
57236
57509
57536
57621
57711
57850
57860
57862
57864
57947
57983
58138
58182
58460
58480
58489
58534
58572
58701
58704
58760
SumOfWeight:966.4999966460499
EvalOfTrip:2.5021012550238028E8
tripID:7
58943
59093
59256
59285
59401
59452
59599
59764
59894
59952
60037
60052
60162
60229
60351
60439
60719
60730
60813
60814
60857
61198
61513
61774
61781
61942
61973
61998
62022
62147
62156
62353
62373
62441
62529
62564
62635
62768
62781
62880
62922
62942
62961
63048
63210
63311
63378
63688
63747
63788
63865
63939
64136
64199
64363
64467
64525
64679
64730
64927
65272
65396
65479
65503
65512
65743
65898
65937
65982
66116
66238
66241
66614
66617
66639
66836
SumOfWeight:967.0743165121002
EvalOfTrip:1.993959623781356E8
tripID:8
66926
66974
67032
67074
67247
67289
67455
67606
67631
67672
67725
67876
67906
67921
67996
68184
68210
68270
68733
68867
68876
68923
69177
69248
69635
69688
69792
69972
70063
70073
70295
70385
70499
70520
70521
70678
70687
70689
70774
70845
71014
71253
71335
71348
71369
71408
71558
71667
71734
71852
71989
71992
72203
72444
72638
72703
72887
73085
73183
73258
73374
73482
73588
73666
73818
73984
74179
74198
74463
74765
74782
74895
75047
75132
75197
SumOfWeight:995.2188903053003
EvalOfTrip:2.0955322195486298E8
tripID:9
75230
75237
75258
75474
75484
75543
75770
76100
76226
76268
76415
76490
76684
76798
76832
76842
76959
76983
77234
77467
77549
77578
77692
77709
77787
78063
78236
78319
78369
78622
78684
78733
78778
79161
79250
79353
79385
79433
79569
79715
79819
79820
79849
80057
80162
80281
80361
80532
80559
80665
80740
80799
80865
80956
80975
80993
81039
81052
81096
81125
81127
81209
81245
81467
81481
81621
81867
82004
82112
82208
82326
82349
82493
82627
SumOfWeight:992.6275319619598
EvalOfTrip:2.109111643904093E8
tripID:10
82893
82986
83148
83192
83218
83345
83615
83658
83773
83821
83905
83958
83980
84053
84165
84202
84261
84468
84656
84710
84887
84889
84957
85133
85137
85220
85365
85414
85419
85467
85627
85640
86162
86184
86487
86841
86944
87052
87183
87307
87441
87583
87800
87815
87846
87891
87948
87976
88022
88365
88504
88547
88589
88592
88681
88730
88952
88979
89181
89208
89304
89605
89615
89624
89651
89702
90102
90229
90246
90346
90693
90705
90842
SumOfWeight:990.3326782540499
EvalOfTrip:1.7889867339577293E8
tripID:11
91078
91084
91306
91529
91671
91696
91892
92055
92079
92420
92445
92461
92469
92522
92549
92558
92597
92716
92785
92840
92843
92989
93019
93124
93173
93405
93457
93634
93668
93953
94099
94176
94336
94400
94415
94454
94487
94551
94599
95131
95144
95455
95549
95646
95947
95963
96042
96094
96495
96498
96551
96701
96787
97191
97278
97413
97440
97554
97786
97830
98029
98651
98823
98830
98858
98986
98995
99076
99133
99444
99556
99659
SumOfWeight:984.1687952419601
EvalOfTrip:2.083222180159989E8
tripID:12
99665
99698
99751
99756
99979
99993
SumOfWeight:92.33466234179998
EvalOfTrip:2272689.6573061747
tripID:13
allEval:2.811687643281314E9
